# EXPACS ver. 3.03 (PARMA model, T. Sato, PLoS ONE 10(12): e0144679, 2015)
# converted from EXPACS303-eng.xlsx by scripts/expacs_to_table.py
# altitude 0 km -> atmospheric depth 1047 g/cm2
# latitude 35 deg, longitude 142 deg -> cut-off rigidity 11.5 GV
# date 2016-07-20 -> solar activity W = 46.5
# surroundings: ground, local effect parameter 0.2 (Water Frac.)
# phi: omnidirectional fluence rate in 1/(cm2 s (MeV/n)); E: kinetic energy per nucleon (MeV)
# columns: E neutron proton alpha mu+ mu- e- e+ gamma Li7 Be9 B11 C12 N14 O16 F19 Ne20 Na23 Mg24 Al27 Si28 P31 S32 Cl35 Ar40 K39 Ca40 Sc45 Ti48 V51 Cr52 Mn55 Fe56 Co59 Ni58
1.129400e-08 1.556145e+04 0.000000e+00 0.000000e+00 0.000000e+00 0.000000e+00 0.000000e+00 0.000000e+00 0.000000e+00 0.000000e+00 0.000000e+00 0.000000e+00 0.000000e+00 0.000000e+00 0.000000e+00 0.000000e+00 0.000000e+00 0.000000e+00 0.000000e+00 0.000000e+00 0.000000e+00 0.000000e+00 0.000000e+00 0.000000e+00 0.000000e+00 0.000000e+00 0.000000e+00 0.000000e+00 0.000000e+00 0.000000e+00 0.000000e+00 0.000000e+00 0.000000e+00 0.000000e+00 0.000000e+00
1.421900e-08 1.738838e+04 0.000000e+00 0.000000e+00 0.000000e+00 0.000000e+00 0.000000e+00 0.000000e+00 0.000000e+00 0.000000e+00 0.000000e+00 0.000000e+00 0.000000e+00 0.000000e+00 0.000000e+00 0.000000e+00 0.000000e+00 0.000000e+00 0.000000e+00 0.000000e+00 0.000000e+00 0.000000e+00 0.000000e+00 0.000000e+00 0.000000e+00 0.000000e+00 0.000000e+00 0.000000e+00 0.000000e+00 0.000000e+00 0.000000e+00 0.000000e+00 0.000000e+00 0.000000e+00 0.000000e+00
1.790100e-08 1.886465e+04 0.000000e+00 0.000000e+00 0.000000e+00 0.000000e+00 0.000000e+00 0.000000e+00 0.000000e+00 0.000000e+00 0.000000e+00 0.000000e+00 0.000000e+00 0.000000e+00 0.000000e+00 0.000000e+00 0.000000e+00 0.000000e+00 0.000000e+00 0.000000e+00 0.000000e+00 0.000000e+00 0.000000e+00 0.000000e+00 0.000000e+00 0.000000e+00 0.000000e+00 0.000000e+00 0.000000e+00 0.000000e+00 0.000000e+00 0.000000e+00 0.000000e+00 0.000000e+00 0.000000e+00
2.253600e-08 1.971678e+04 0.000000e+00 0.000000e+00 0.000000e+00 0.000000e+00 0.000000e+00 0.000000e+00 0.000000e+00 0.000000e+00 0.000000e+00 0.000000e+00 0.000000e+00 0.000000e+00 0.000000e+00 0.000000e+00 0.000000e+00 0.000000e+00 0.000000e+00 0.000000e+00 0.000000e+00 0.000000e+00 0.000000e+00 0.000000e+00 0.000000e+00 0.000000e+00 0.000000e+00 0.000000e+00 0.000000e+00 0.000000e+00 0.000000e+00 0.000000e+00 0.000000e+00 0.000000e+00 0.000000e+00
2.837100e-08 1.966067e+04 0.000000e+00 0.000000e+00 0.000000e+00 0.000000e+00 0.000000e+00 0.000000e+00 0.000000e+00 0.000000e+00 0.000000e+00 0.000000e+00 0.000000e+00 0.000000e+00 0.000000e+00 0.000000e+00 0.000000e+00 0.000000e+00 0.000000e+00 0.000000e+00 0.000000e+00 0.000000e+00 0.000000e+00 0.000000e+00 0.000000e+00 0.000000e+00 0.000000e+00 0.000000e+00 0.000000e+00 0.000000e+00 0.000000e+00 0.000000e+00 0.000000e+00 0.000000e+00 0.000000e+00
3.571700e-08 1.847877e+04 0.000000e+00 0.000000e+00 0.000000e+00 0.000000e+00 0.000000e+00 0.000000e+00 0.000000e+00 0.000000e+00 0.000000e+00 0.000000e+00 0.000000e+00 0.000000e+00 0.000000e+00 0.000000e+00 0.000000e+00 0.000000e+00 0.000000e+00 0.000000e+00 0.000000e+00 0.000000e+00 0.000000e+00 0.000000e+00 0.000000e+00 0.000000e+00 0.000000e+00 0.000000e+00 0.000000e+00 0.000000e+00 0.000000e+00 0.000000e+00 0.000000e+00 0.000000e+00 0.000000e+00
4.496500e-08 1.612678e+04 0.000000e+00 0.000000e+00 0.000000e+00 0.000000e+00 0.000000e+00 0.000000e+00 0.000000e+00 0.000000e+00 0.000000e+00 0.000000e+00 0.000000e+00 0.000000e+00 0.000000e+00 0.000000e+00 0.000000e+00 0.000000e+00 0.000000e+00 0.000000e+00 0.000000e+00 0.000000e+00 0.000000e+00 0.000000e+00 0.000000e+00 0.000000e+00 0.000000e+00 0.000000e+00 0.000000e+00 0.000000e+00 0.000000e+00 0.000000e+00 0.000000e+00 0.000000e+00 0.000000e+00
5.660800e-08 1.283099e+04 0.000000e+00 0.000000e+00 0.000000e+00 0.000000e+00 0.000000e+00 0.000000e+00 0.000000e+00 0.000000e+00 0.000000e+00 0.000000e+00 0.000000e+00 0.000000e+00 0.000000e+00 0.000000e+00 0.000000e+00 0.000000e+00 0.000000e+00 0.000000e+00 0.000000e+00 0.000000e+00 0.000000e+00 0.000000e+00 0.000000e+00 0.000000e+00 0.000000e+00 0.000000e+00 0.000000e+00 0.000000e+00 0.000000e+00 0.000000e+00 0.000000e+00 0.000000e+00 0.000000e+00
7.126500e-08 9.107478e+03 0.000000e+00 0.000000e+00 0.000000e+00 0.000000e+00 0.000000e+00 0.000000e+00 0.000000e+00 0.000000e+00 0.000000e+00 0.000000e+00 0.000000e+00 0.000000e+00 0.000000e+00 0.000000e+00 0.000000e+00 0.000000e+00 0.000000e+00 0.000000e+00 0.000000e+00 0.000000e+00 0.000000e+00 0.000000e+00 0.000000e+00 0.000000e+00 0.000000e+00 0.000000e+00 0.000000e+00 0.000000e+00 0.000000e+00 0.000000e+00 0.000000e+00 0.000000e+00 0.000000e+00
8.971700e-08 5.632884e+03 0.000000e+00 0.000000e+00 0.000000e+00 0.000000e+00 0.000000e+00 0.000000e+00 0.000000e+00 0.000000e+00 0.000000e+00 0.000000e+00 0.000000e+00 0.000000e+00 0.000000e+00 0.000000e+00 0.000000e+00 0.000000e+00 0.000000e+00 0.000000e+00 0.000000e+00 0.000000e+00 0.000000e+00 0.000000e+00 0.000000e+00 0.000000e+00 0.000000e+00 0.000000e+00 0.000000e+00 0.000000e+00 0.000000e+00 0.000000e+00 0.000000e+00 0.000000e+00 0.000000e+00
1.129500e-07 2.980489e+03 0.000000e+00 0.000000e+00 0.000000e+00 0.000000e+00 0.000000e+00 0.000000e+00 0.000000e+00 0.000000e+00 0.000000e+00 0.000000e+00 0.000000e+00 0.000000e+00 0.000000e+00 0.000000e+00 0.000000e+00 0.000000e+00 0.000000e+00 0.000000e+00 0.000000e+00 0.000000e+00 0.000000e+00 0.000000e+00 0.000000e+00 0.000000e+00 0.000000e+00 0.000000e+00 0.000000e+00 0.000000e+00 0.000000e+00 0.000000e+00 0.000000e+00 0.000000e+00 0.000000e+00
1.421900e-07 1.367497e+03 0.000000e+00 0.000000e+00 0.000000e+00 0.000000e+00 0.000000e+00 0.000000e+00 0.000000e+00 0.000000e+00 0.000000e+00 0.000000e+00 0.000000e+00 0.000000e+00 0.000000e+00 0.000000e+00 0.000000e+00 0.000000e+00 0.000000e+00 0.000000e+00 0.000000e+00 0.000000e+00 0.000000e+00 0.000000e+00 0.000000e+00 0.000000e+00 0.000000e+00 0.000000e+00 0.000000e+00 0.000000e+00 0.000000e+00 0.000000e+00 0.000000e+00 0.000000e+00 0.000000e+00
1.790100e-07 6.099022e+02 0.000000e+00 0.000000e+00 0.000000e+00 0.000000e+00 0.000000e+00 0.000000e+00 0.000000e+00 0.000000e+00 0.000000e+00 0.000000e+00 0.000000e+00 0.000000e+00 0.000000e+00 0.000000e+00 0.000000e+00 0.000000e+00 0.000000e+00 0.000000e+00 0.000000e+00 0.000000e+00 0.000000e+00 0.000000e+00 0.000000e+00 0.000000e+00 0.000000e+00 0.000000e+00 0.000000e+00 0.000000e+00 0.000000e+00 0.000000e+00 0.000000e+00 0.000000e+00 0.000000e+00
2.253600e-07 3.371769e+02 0.000000e+00 0.000000e+00 0.000000e+00 0.000000e+00 0.000000e+00 0.000000e+00 0.000000e+00 0.000000e+00 0.000000e+00 0.000000e+00 0.000000e+00 0.000000e+00 0.000000e+00 0.000000e+00 0.000000e+00 0.000000e+00 0.000000e+00 0.000000e+00 0.000000e+00 0.000000e+00 0.000000e+00 0.000000e+00 0.000000e+00 0.000000e+00 0.000000e+00 0.000000e+00 0.000000e+00 0.000000e+00 0.000000e+00 0.000000e+00 0.000000e+00 0.000000e+00 0.000000e+00
2.837100e-07 2.492277e+02 0.000000e+00 0.000000e+00 0.000000e+00 0.000000e+00 0.000000e+00 0.000000e+00 0.000000e+00 0.000000e+00 0.000000e+00 0.000000e+00 0.000000e+00 0.000000e+00 0.000000e+00 0.000000e+00 0.000000e+00 0.000000e+00 0.000000e+00 0.000000e+00 0.000000e+00 0.000000e+00 0.000000e+00 0.000000e+00 0.000000e+00 0.000000e+00 0.000000e+00 0.000000e+00 0.000000e+00 0.000000e+00 0.000000e+00 0.000000e+00 0.000000e+00 0.000000e+00 0.000000e+00
3.571700e-07 2.073071e+02 0.000000e+00 0.000000e+00 0.000000e+00 0.000000e+00 0.000000e+00 0.000000e+00 0.000000e+00 0.000000e+00 0.000000e+00 0.000000e+00 0.000000e+00 0.000000e+00 0.000000e+00 0.000000e+00 0.000000e+00 0.000000e+00 0.000000e+00 0.000000e+00 0.000000e+00 0.000000e+00 0.000000e+00 0.000000e+00 0.000000e+00 0.000000e+00 0.000000e+00 0.000000e+00 0.000000e+00 0.000000e+00 0.000000e+00 0.000000e+00 0.000000e+00 0.000000e+00 0.000000e+00
4.496500e-07 1.744347e+02 0.000000e+00 0.000000e+00 0.000000e+00 0.000000e+00 0.000000e+00 0.000000e+00 0.000000e+00 0.000000e+00 0.000000e+00 0.000000e+00 0.000000e+00 0.000000e+00 0.000000e+00 0.000000e+00 0.000000e+00 0.000000e+00 0.000000e+00 0.000000e+00 0.000000e+00 0.000000e+00 0.000000e+00 0.000000e+00 0.000000e+00 0.000000e+00 0.000000e+00 0.000000e+00 0.000000e+00 0.000000e+00 0.000000e+00 0.000000e+00 0.000000e+00 0.000000e+00 0.000000e+00
5.660800e-07 1.454971e+02 0.000000e+00 0.000000e+00 0.000000e+00 0.000000e+00 0.000000e+00 0.000000e+00 0.000000e+00 0.000000e+00 0.000000e+00 0.000000e+00 0.000000e+00 0.000000e+00 0.000000e+00 0.000000e+00 0.000000e+00 0.000000e+00 0.000000e+00 0.000000e+00 0.000000e+00 0.000000e+00 0.000000e+00 0.000000e+00 0.000000e+00 0.000000e+00 0.000000e+00 0.000000e+00 0.000000e+00 0.000000e+00 0.000000e+00 0.000000e+00 0.000000e+00 0.000000e+00 0.000000e+00
7.126400e-07 1.202760e+02 0.000000e+00 0.000000e+00 0.000000e+00 0.000000e+00 0.000000e+00 0.000000e+00 0.000000e+00 0.000000e+00 0.000000e+00 0.000000e+00 0.000000e+00 0.000000e+00 0.000000e+00 0.000000e+00 0.000000e+00 0.000000e+00 0.000000e+00 0.000000e+00 0.000000e+00 0.000000e+00 0.000000e+00 0.000000e+00 0.000000e+00 0.000000e+00 0.000000e+00 0.000000e+00 0.000000e+00 0.000000e+00 0.000000e+00 0.000000e+00 0.000000e+00 0.000000e+00 0.000000e+00
8.971700e-07 9.868447e+01 0.000000e+00 0.000000e+00 0.000000e+00 0.000000e+00 0.000000e+00 0.000000e+00 0.000000e+00 0.000000e+00 0.000000e+00 0.000000e+00 0.000000e+00 0.000000e+00 0.000000e+00 0.000000e+00 0.000000e+00 0.000000e+00 0.000000e+00 0.000000e+00 0.000000e+00 0.000000e+00 0.000000e+00 0.000000e+00 0.000000e+00 0.000000e+00 0.000000e+00 0.000000e+00 0.000000e+00 0.000000e+00 0.000000e+00 0.000000e+00 0.000000e+00 0.000000e+00 0.000000e+00
1.129400e-06 8.048430e+01 0.000000e+00 0.000000e+00 0.000000e+00 0.000000e+00 0.000000e+00 0.000000e+00 0.000000e+00 0.000000e+00 0.000000e+00 0.000000e+00 0.000000e+00 0.000000e+00 0.000000e+00 0.000000e+00 0.000000e+00 0.000000e+00 0.000000e+00 0.000000e+00 0.000000e+00 0.000000e+00 0.000000e+00 0.000000e+00 0.000000e+00 0.000000e+00 0.000000e+00 0.000000e+00 0.000000e+00 0.000000e+00 0.000000e+00 0.000000e+00 0.000000e+00 0.000000e+00 0.000000e+00
1.421900e-06 6.531497e+01 0.000000e+00 0.000000e+00 0.000000e+00 0.000000e+00 0.000000e+00 0.000000e+00 0.000000e+00 0.000000e+00 0.000000e+00 0.000000e+00 0.000000e+00 0.000000e+00 0.000000e+00 0.000000e+00 0.000000e+00 0.000000e+00 0.000000e+00 0.000000e+00 0.000000e+00 0.000000e+00 0.000000e+00 0.000000e+00 0.000000e+00 0.000000e+00 0.000000e+00 0.000000e+00 0.000000e+00 0.000000e+00 0.000000e+00 0.000000e+00 0.000000e+00 0.000000e+00 0.000000e+00
1.790100e-06 5.280048e+01 0.000000e+00 0.000000e+00 0.000000e+00 0.000000e+00 0.000000e+00 0.000000e+00 0.000000e+00 0.000000e+00 0.000000e+00 0.000000e+00 0.000000e+00 0.000000e+00 0.000000e+00 0.000000e+00 0.000000e+00 0.000000e+00 0.000000e+00 0.000000e+00 0.000000e+00 0.000000e+00 0.000000e+00 0.000000e+00 0.000000e+00 0.000000e+00 0.000000e+00 0.000000e+00 0.000000e+00 0.000000e+00 0.000000e+00 0.000000e+00 0.000000e+00 0.000000e+00 0.000000e+00
2.253600e-06 4.255334e+01 0.000000e+00 0.000000e+00 0.000000e+00 0.000000e+00 0.000000e+00 0.000000e+00 0.000000e+00 0.000000e+00 0.000000e+00 0.000000e+00 0.000000e+00 0.000000e+00 0.000000e+00 0.000000e+00 0.000000e+00 0.000000e+00 0.000000e+00 0.000000e+00 0.000000e+00 0.000000e+00 0.000000e+00 0.000000e+00 0.000000e+00 0.000000e+00 0.000000e+00 0.000000e+00 0.000000e+00 0.000000e+00 0.000000e+00 0.000000e+00 0.000000e+00 0.000000e+00 0.000000e+00
2.837100e-06 3.421176e+01 0.000000e+00 0.000000e+00 0.000000e+00 0.000000e+00 0.000000e+00 0.000000e+00 0.000000e+00 0.000000e+00 0.000000e+00 0.000000e+00 0.000000e+00 0.000000e+00 0.000000e+00 0.000000e+00 0.000000e+00 0.000000e+00 0.000000e+00 0.000000e+00 0.000000e+00 0.000000e+00 0.000000e+00 0.000000e+00 0.000000e+00 0.000000e+00 0.000000e+00 0.000000e+00 0.000000e+00 0.000000e+00 0.000000e+00 0.000000e+00 0.000000e+00 0.000000e+00 0.000000e+00
3.571700e-06 2.745259e+01 0.000000e+00 0.000000e+00 0.000000e+00 0.000000e+00 0.000000e+00 0.000000e+00 0.000000e+00 0.000000e+00 0.000000e+00 0.000000e+00 0.000000e+00 0.000000e+00 0.000000e+00 0.000000e+00 0.000000e+00 0.000000e+00 0.000000e+00 0.000000e+00 0.000000e+00 0.000000e+00 0.000000e+00 0.000000e+00 0.000000e+00 0.000000e+00 0.000000e+00 0.000000e+00 0.000000e+00 0.000000e+00 0.000000e+00 0.000000e+00 0.000000e+00 0.000000e+00 0.000000e+00
4.496500e-06 2.199570e+01 0.000000e+00 0.000000e+00 0.000000e+00 0.000000e+00 0.000000e+00 0.000000e+00 0.000000e+00 0.000000e+00 0.000000e+00 0.000000e+00 0.000000e+00 0.000000e+00 0.000000e+00 0.000000e+00 0.000000e+00 0.000000e+00 0.000000e+00 0.000000e+00 0.000000e+00 0.000000e+00 0.000000e+00 0.000000e+00 0.000000e+00 0.000000e+00 0.000000e+00 0.000000e+00 0.000000e+00 0.000000e+00 0.000000e+00 0.000000e+00 0.000000e+00 0.000000e+00 0.000000e+00
5.660800e-06 1.760248e+01 0.000000e+00 0.000000e+00 0.000000e+00 0.000000e+00 0.000000e+00 0.000000e+00 0.000000e+00 0.000000e+00 0.000000e+00 0.000000e+00 0.000000e+00 0.000000e+00 0.000000e+00 0.000000e+00 0.000000e+00 0.000000e+00 0.000000e+00 0.000000e+00 0.000000e+00 0.000000e+00 0.000000e+00 0.000000e+00 0.000000e+00 0.000000e+00 0.000000e+00 0.000000e+00 0.000000e+00 0.000000e+00 0.000000e+00 0.000000e+00 0.000000e+00 0.000000e+00 0.000000e+00
7.126400e-06 1.407391e+01 0.000000e+00 0.000000e+00 0.000000e+00 0.000000e+00 0.000000e+00 0.000000e+00 0.000000e+00 0.000000e+00 0.000000e+00 0.000000e+00 0.000000e+00 0.000000e+00 0.000000e+00 0.000000e+00 0.000000e+00 0.000000e+00 0.000000e+00 0.000000e+00 0.000000e+00 0.000000e+00 0.000000e+00 0.000000e+00 0.000000e+00 0.000000e+00 0.000000e+00 0.000000e+00 0.000000e+00 0.000000e+00 0.000000e+00 0.000000e+00 0.000000e+00 0.000000e+00 0.000000e+00
8.971600e-06 1.124419e+01 0.000000e+00 0.000000e+00 0.000000e+00 0.000000e+00 0.000000e+00 0.000000e+00 0.000000e+00 0.000000e+00 0.000000e+00 0.000000e+00 0.000000e+00 0.000000e+00 0.000000e+00 0.000000e+00 0.000000e+00 0.000000e+00 0.000000e+00 0.000000e+00 0.000000e+00 0.000000e+00 0.000000e+00 0.000000e+00 0.000000e+00 0.000000e+00 0.000000e+00 0.000000e+00 0.000000e+00 0.000000e+00 0.000000e+00 0.000000e+00 0.000000e+00 0.000000e+00 0.000000e+00
1.129400e-05 8.978619e+00 0.000000e+00 0.000000e+00 0.000000e+00 0.000000e+00 0.000000e+00 0.000000e+00 0.000000e+00 0.000000e+00 0.000000e+00 0.000000e+00 0.000000e+00 0.000000e+00 0.000000e+00 0.000000e+00 0.000000e+00 0.000000e+00 0.000000e+00 0.000000e+00 0.000000e+00 0.000000e+00 0.000000e+00 0.000000e+00 0.000000e+00 0.000000e+00 0.000000e+00 0.000000e+00 0.000000e+00 0.000000e+00 0.000000e+00 0.000000e+00 0.000000e+00 0.000000e+00 0.000000e+00
1.421900e-05 7.165528e+00 0.000000e+00 0.000000e+00 0.000000e+00 0.000000e+00 0.000000e+00 0.000000e+00 0.000000e+00 0.000000e+00 0.000000e+00 0.000000e+00 0.000000e+00 0.000000e+00 0.000000e+00 0.000000e+00 0.000000e+00 0.000000e+00 0.000000e+00 0.000000e+00 0.000000e+00 0.000000e+00 0.000000e+00 0.000000e+00 0.000000e+00 0.000000e+00 0.000000e+00 0.000000e+00 0.000000e+00 0.000000e+00 0.000000e+00 0.000000e+00 0.000000e+00 0.000000e+00 0.000000e+00
1.790100e-05 5.716645e+00 0.000000e+00 0.000000e+00 0.000000e+00 0.000000e+00 0.000000e+00 0.000000e+00 0.000000e+00 0.000000e+00 0.000000e+00 0.000000e+00 0.000000e+00 0.000000e+00 0.000000e+00 0.000000e+00 0.000000e+00 0.000000e+00 0.000000e+00 0.000000e+00 0.000000e+00 0.000000e+00 0.000000e+00 0.000000e+00 0.000000e+00 0.000000e+00 0.000000e+00 0.000000e+00 0.000000e+00 0.000000e+00 0.000000e+00 0.000000e+00 0.000000e+00 0.000000e+00 0.000000e+00
2.253600e-05 4.559507e+00 0.000000e+00 0.000000e+00 0.000000e+00 0.000000e+00 0.000000e+00 0.000000e+00 0.000000e+00 0.000000e+00 0.000000e+00 0.000000e+00 0.000000e+00 0.000000e+00 0.000000e+00 0.000000e+00 0.000000e+00 0.000000e+00 0.000000e+00 0.000000e+00 0.000000e+00 0.000000e+00 0.000000e+00 0.000000e+00 0.000000e+00 0.000000e+00 0.000000e+00 0.000000e+00 0.000000e+00 0.000000e+00 0.000000e+00 0.000000e+00 0.000000e+00 0.000000e+00 0.000000e+00
2.837100e-05 3.635791e+00 0.000000e+00 0.000000e+00 0.000000e+00 0.000000e+00 0.000000e+00 0.000000e+00 0.000000e+00 0.000000e+00 0.000000e+00 0.000000e+00 0.000000e+00 0.000000e+00 0.000000e+00 0.000000e+00 0.000000e+00 0.000000e+00 0.000000e+00 0.000000e+00 0.000000e+00 0.000000e+00 0.000000e+00 0.000000e+00 0.000000e+00 0.000000e+00 0.000000e+00 0.000000e+00 0.000000e+00 0.000000e+00 0.000000e+00 0.000000e+00 0.000000e+00 0.000000e+00 0.000000e+00
3.571700e-05 2.898699e+00 0.000000e+00 0.000000e+00 0.000000e+00 0.000000e+00 0.000000e+00 0.000000e+00 0.000000e+00 0.000000e+00 0.000000e+00 0.000000e+00 0.000000e+00 0.000000e+00 0.000000e+00 0.000000e+00 0.000000e+00 0.000000e+00 0.000000e+00 0.000000e+00 0.000000e+00 0.000000e+00 0.000000e+00 0.000000e+00 0.000000e+00 0.000000e+00 0.000000e+00 0.000000e+00 0.000000e+00 0.000000e+00 0.000000e+00 0.000000e+00 0.000000e+00 0.000000e+00 0.000000e+00
4.496500e-05 2.310751e+00 0.000000e+00 0.000000e+00 0.000000e+00 0.000000e+00 0.000000e+00 0.000000e+00 0.000000e+00 0.000000e+00 0.000000e+00 0.000000e+00 0.000000e+00 0.000000e+00 0.000000e+00 0.000000e+00 0.000000e+00 0.000000e+00 0.000000e+00 0.000000e+00 0.000000e+00 0.000000e+00 0.000000e+00 0.000000e+00 0.000000e+00 0.000000e+00 0.000000e+00 0.000000e+00 0.000000e+00 0.000000e+00 0.000000e+00 0.000000e+00 0.000000e+00 0.000000e+00 0.000000e+00
5.660700e-05 1.841916e+00 0.000000e+00 0.000000e+00 0.000000e+00 0.000000e+00 0.000000e+00 0.000000e+00 0.000000e+00 0.000000e+00 0.000000e+00 0.000000e+00 0.000000e+00 0.000000e+00 0.000000e+00 0.000000e+00 0.000000e+00 0.000000e+00 0.000000e+00 0.000000e+00 0.000000e+00 0.000000e+00 0.000000e+00 0.000000e+00 0.000000e+00 0.000000e+00 0.000000e+00 0.000000e+00 0.000000e+00 0.000000e+00 0.000000e+00 0.000000e+00 0.000000e+00 0.000000e+00 0.000000e+00
7.126400e-05 1.468117e+00 0.000000e+00 0.000000e+00 0.000000e+00 0.000000e+00 0.000000e+00 0.000000e+00 0.000000e+00 0.000000e+00 0.000000e+00 0.000000e+00 0.000000e+00 0.000000e+00 0.000000e+00 0.000000e+00 0.000000e+00 0.000000e+00 0.000000e+00 0.000000e+00 0.000000e+00 0.000000e+00 0.000000e+00 0.000000e+00 0.000000e+00 0.000000e+00 0.000000e+00 0.000000e+00 0.000000e+00 0.000000e+00 0.000000e+00 0.000000e+00 0.000000e+00 0.000000e+00 0.000000e+00
8.971700e-05 1.170148e+00 0.000000e+00 0.000000e+00 0.000000e+00 0.000000e+00 0.000000e+00 0.000000e+00 0.000000e+00 0.000000e+00 0.000000e+00 0.000000e+00 0.000000e+00 0.000000e+00 0.000000e+00 0.000000e+00 0.000000e+00 0.000000e+00 0.000000e+00 0.000000e+00 0.000000e+00 0.000000e+00 0.000000e+00 0.000000e+00 0.000000e+00 0.000000e+00 0.000000e+00 0.000000e+00 0.000000e+00 0.000000e+00 0.000000e+00 0.000000e+00 0.000000e+00 0.000000e+00 0.000000e+00
1.129500e-04 9.326614e-01 0.000000e+00 0.000000e+00 0.000000e+00 0.000000e+00 0.000000e+00 0.000000e+00 0.000000e+00 0.000000e+00 0.000000e+00 0.000000e+00 0.000000e+00 0.000000e+00 0.000000e+00 0.000000e+00 0.000000e+00 0.000000e+00 0.000000e+00 0.000000e+00 0.000000e+00 0.000000e+00 0.000000e+00 0.000000e+00 0.000000e+00 0.000000e+00 0.000000e+00 0.000000e+00 0.000000e+00 0.000000e+00 0.000000e+00 0.000000e+00 0.000000e+00 0.000000e+00 0.000000e+00
1.421900e-04 7.434651e-01 0.000000e+00 0.000000e+00 0.000000e+00 0.000000e+00 0.000000e+00 0.000000e+00 0.000000e+00 0.000000e+00 0.000000e+00 0.000000e+00 0.000000e+00 0.000000e+00 0.000000e+00 0.000000e+00 0.000000e+00 0.000000e+00 0.000000e+00 0.000000e+00 0.000000e+00 0.000000e+00 0.000000e+00 0.000000e+00 0.000000e+00 0.000000e+00 0.000000e+00 0.000000e+00 0.000000e+00 0.000000e+00 0.000000e+00 0.000000e+00 0.000000e+00 0.000000e+00 0.000000e+00
1.790100e-04 5.926719e-01 0.000000e+00 0.000000e+00 0.000000e+00 0.000000e+00 0.000000e+00 0.000000e+00 0.000000e+00 0.000000e+00 0.000000e+00 0.000000e+00 0.000000e+00 0.000000e+00 0.000000e+00 0.000000e+00 0.000000e+00 0.000000e+00 0.000000e+00 0.000000e+00 0.000000e+00 0.000000e+00 0.000000e+00 0.000000e+00 0.000000e+00 0.000000e+00 0.000000e+00 0.000000e+00 0.000000e+00 0.000000e+00 0.000000e+00 0.000000e+00 0.000000e+00 0.000000e+00 0.000000e+00
2.253600e-04 4.725384e-01 0.000000e+00 0.000000e+00 0.000000e+00 0.000000e+00 0.000000e+00 0.000000e+00 0.000000e+00 0.000000e+00 0.000000e+00 0.000000e+00 0.000000e+00 0.000000e+00 0.000000e+00 0.000000e+00 0.000000e+00 0.000000e+00 0.000000e+00 0.000000e+00 0.000000e+00 0.000000e+00 0.000000e+00 0.000000e+00 0.000000e+00 0.000000e+00 0.000000e+00 0.000000e+00 0.000000e+00 0.000000e+00 0.000000e+00 0.000000e+00 0.000000e+00 0.000000e+00 0.000000e+00
2.837100e-04 3.768274e-01 0.000000e+00 0.000000e+00 0.000000e+00 0.000000e+00 0.000000e+00 0.000000e+00 0.000000e+00 0.000000e+00 0.000000e+00 0.000000e+00 0.000000e+00 0.000000e+00 0.000000e+00 0.000000e+00 0.000000e+00 0.000000e+00 0.000000e+00 0.000000e+00 0.000000e+00 0.000000e+00 0.000000e+00 0.000000e+00 0.000000e+00 0.000000e+00 0.000000e+00 0.000000e+00 0.000000e+00 0.000000e+00 0.000000e+00 0.000000e+00 0.000000e+00 0.000000e+00 0.000000e+00
3.571700e-04 3.005723e-01 0.000000e+00 0.000000e+00 0.000000e+00 0.000000e+00 0.000000e+00 0.000000e+00 0.000000e+00 0.000000e+00 0.000000e+00 0.000000e+00 0.000000e+00 0.000000e+00 0.000000e+00 0.000000e+00 0.000000e+00 0.000000e+00 0.000000e+00 0.000000e+00 0.000000e+00 0.000000e+00 0.000000e+00 0.000000e+00 0.000000e+00 0.000000e+00 0.000000e+00 0.000000e+00 0.000000e+00 0.000000e+00 0.000000e+00 0.000000e+00 0.000000e+00 0.000000e+00 0.000000e+00
4.496500e-04 2.398200e-01 0.000000e+00 0.000000e+00 0.000000e+00 0.000000e+00 0.000000e+00 0.000000e+00 0.000000e+00 0.000000e+00 0.000000e+00 0.000000e+00 0.000000e+00 0.000000e+00 0.000000e+00 0.000000e+00 0.000000e+00 0.000000e+00 0.000000e+00 0.000000e+00 0.000000e+00 0.000000e+00 0.000000e+00 0.000000e+00 0.000000e+00 0.000000e+00 0.000000e+00 0.000000e+00 0.000000e+00 0.000000e+00 0.000000e+00 0.000000e+00 0.000000e+00 0.000000e+00 0.000000e+00
5.660700e-04 1.914188e-01 0.000000e+00 0.000000e+00 0.000000e+00 0.000000e+00 0.000000e+00 0.000000e+00 0.000000e+00 0.000000e+00 0.000000e+00 0.000000e+00 0.000000e+00 0.000000e+00 0.000000e+00 0.000000e+00 0.000000e+00 0.000000e+00 0.000000e+00 0.000000e+00 0.000000e+00 0.000000e+00 0.000000e+00 0.000000e+00 0.000000e+00 0.000000e+00 0.000000e+00 0.000000e+00 0.000000e+00 0.000000e+00 0.000000e+00 0.000000e+00 0.000000e+00 0.000000e+00 0.000000e+00
7.126500e-04 1.528499e-01 0.000000e+00 0.000000e+00 0.000000e+00 0.000000e+00 0.000000e+00 0.000000e+00 0.000000e+00 0.000000e+00 0.000000e+00 0.000000e+00 0.000000e+00 0.000000e+00 0.000000e+00 0.000000e+00 0.000000e+00 0.000000e+00 0.000000e+00 0.000000e+00 0.000000e+00 0.000000e+00 0.000000e+00 0.000000e+00 0.000000e+00 0.000000e+00 0.000000e+00 0.000000e+00 0.000000e+00 0.000000e+00 0.000000e+00 0.000000e+00 0.000000e+00 0.000000e+00 0.000000e+00
8.971600e-04 1.221204e-01 0.000000e+00 0.000000e+00 0.000000e+00 0.000000e+00 0.000000e+00 0.000000e+00 0.000000e+00 0.000000e+00 0.000000e+00 0.000000e+00 0.000000e+00 0.000000e+00 0.000000e+00 0.000000e+00 0.000000e+00 0.000000e+00 0.000000e+00 0.000000e+00 0.000000e+00 0.000000e+00 0.000000e+00 0.000000e+00 0.000000e+00 0.000000e+00 0.000000e+00 0.000000e+00 0.000000e+00 0.000000e+00 0.000000e+00 0.000000e+00 0.000000e+00 0.000000e+00 0.000000e+00
1.129500e-03 9.762542e-02 0.000000e+00 0.000000e+00 0.000000e+00 0.000000e+00 0.000000e+00 0.000000e+00 0.000000e+00 0.000000e+00 0.000000e+00 0.000000e+00 0.000000e+00 0.000000e+00 0.000000e+00 0.000000e+00 0.000000e+00 0.000000e+00 0.000000e+00 0.000000e+00 0.000000e+00 0.000000e+00 0.000000e+00 0.000000e+00 0.000000e+00 0.000000e+00 0.000000e+00 0.000000e+00 0.000000e+00 0.000000e+00 0.000000e+00 0.000000e+00 0.000000e+00 0.000000e+00 0.000000e+00
1.421900e-03 7.810771e-02 0.000000e+00 0.000000e+00 0.000000e+00 0.000000e+00 0.000000e+00 0.000000e+00 0.000000e+00 0.000000e+00 0.000000e+00 0.000000e+00 0.000000e+00 0.000000e+00 0.000000e+00 0.000000e+00 0.000000e+00 0.000000e+00 0.000000e+00 0.000000e+00 0.000000e+00 0.000000e+00 0.000000e+00 0.000000e+00 0.000000e+00 0.000000e+00 0.000000e+00 0.000000e+00 0.000000e+00 0.000000e+00 0.000000e+00 0.000000e+00 0.000000e+00 0.000000e+00 0.000000e+00
1.790100e-03 6.254337e-02 0.000000e+00 0.000000e+00 0.000000e+00 0.000000e+00 0.000000e+00 0.000000e+00 0.000000e+00 0.000000e+00 0.000000e+00 0.000000e+00 0.000000e+00 0.000000e+00 0.000000e+00 0.000000e+00 0.000000e+00 0.000000e+00 0.000000e+00 0.000000e+00 0.000000e+00 0.000000e+00 0.000000e+00 0.000000e+00 0.000000e+00 0.000000e+00 0.000000e+00 0.000000e+00 0.000000e+00 0.000000e+00 0.000000e+00 0.000000e+00 0.000000e+00 0.000000e+00 0.000000e+00
2.253600e-03 5.013295e-02 0.000000e+00 0.000000e+00 0.000000e+00 0.000000e+00 0.000000e+00 0.000000e+00 0.000000e+00 0.000000e+00 0.000000e+00 0.000000e+00 0.000000e+00 0.000000e+00 0.000000e+00 0.000000e+00 0.000000e+00 0.000000e+00 0.000000e+00 0.000000e+00 0.000000e+00 0.000000e+00 0.000000e+00 0.000000e+00 0.000000e+00 0.000000e+00 0.000000e+00 0.000000e+00 0.000000e+00 0.000000e+00 0.000000e+00 0.000000e+00 0.000000e+00 0.000000e+00 0.000000e+00
2.837100e-03 4.023346e-02 0.000000e+00 0.000000e+00 0.000000e+00 0.000000e+00 0.000000e+00 0.000000e+00 0.000000e+00 0.000000e+00 0.000000e+00 0.000000e+00 0.000000e+00 0.000000e+00 0.000000e+00 0.000000e+00 0.000000e+00 0.000000e+00 0.000000e+00 0.000000e+00 0.000000e+00 0.000000e+00 0.000000e+00 0.000000e+00 0.000000e+00 0.000000e+00 0.000000e+00 0.000000e+00 0.000000e+00 0.000000e+00 0.000000e+00 0.000000e+00 0.000000e+00 0.000000e+00 0.000000e+00
3.571700e-03 3.233359e-02 0.000000e+00 0.000000e+00 0.000000e+00 0.000000e+00 0.000000e+00 0.000000e+00 0.000000e+00 0.000000e+00 0.000000e+00 0.000000e+00 0.000000e+00 0.000000e+00 0.000000e+00 0.000000e+00 0.000000e+00 0.000000e+00 0.000000e+00 0.000000e+00 0.000000e+00 0.000000e+00 0.000000e+00 0.000000e+00 0.000000e+00 0.000000e+00 0.000000e+00 0.000000e+00 0.000000e+00 0.000000e+00 0.000000e+00 0.000000e+00 0.000000e+00 0.000000e+00 0.000000e+00
4.496500e-03 2.602685e-02 0.000000e+00 0.000000e+00 0.000000e+00 0.000000e+00 0.000000e+00 0.000000e+00 0.000000e+00 0.000000e+00 0.000000e+00 0.000000e+00 0.000000e+00 0.000000e+00 0.000000e+00 0.000000e+00 0.000000e+00 0.000000e+00 0.000000e+00 0.000000e+00 0.000000e+00 0.000000e+00 0.000000e+00 0.000000e+00 0.000000e+00 0.000000e+00 0.000000e+00 0.000000e+00 0.000000e+00 0.000000e+00 0.000000e+00 0.000000e+00 0.000000e+00 0.000000e+00 0.000000e+00
5.660700e-03 2.098944e-02 0.000000e+00 0.000000e+00 0.000000e+00 0.000000e+00 0.000000e+00 0.000000e+00 0.000000e+00 0.000000e+00 0.000000e+00 0.000000e+00 0.000000e+00 0.000000e+00 0.000000e+00 0.000000e+00 0.000000e+00 0.000000e+00 0.000000e+00 0.000000e+00 0.000000e+00 0.000000e+00 0.000000e+00 0.000000e+00 0.000000e+00 0.000000e+00 0.000000e+00 0.000000e+00 0.000000e+00 0.000000e+00 0.000000e+00 0.000000e+00 0.000000e+00 0.000000e+00 0.000000e+00
7.126500e-03 1.696283e-02 0.000000e+00 0.000000e+00 0.000000e+00 0.000000e+00 0.000000e+00 0.000000e+00 0.000000e+00 0.000000e+00 0.000000e+00 0.000000e+00 0.000000e+00 0.000000e+00 0.000000e+00 0.000000e+00 0.000000e+00 0.000000e+00 0.000000e+00 0.000000e+00 0.000000e+00 0.000000e+00 0.000000e+00 0.000000e+00 0.000000e+00 0.000000e+00 0.000000e+00 0.000000e+00 0.000000e+00 0.000000e+00 0.000000e+00 0.000000e+00 0.000000e+00 0.000000e+00 0.000000e+00
8.971700e-03 1.374247e-02 0.000000e+00 0.000000e+00 0.000000e+00 0.000000e+00 0.000000e+00 0.000000e+00 0.000000e+00 0.000000e+00 0.000000e+00 0.000000e+00 0.000000e+00 0.000000e+00 0.000000e+00 0.000000e+00 0.000000e+00 0.000000e+00 0.000000e+00 0.000000e+00 0.000000e+00 0.000000e+00 0.000000e+00 0.000000e+00 0.000000e+00 0.000000e+00 0.000000e+00 0.000000e+00 0.000000e+00 0.000000e+00 0.000000e+00 0.000000e+00 0.000000e+00 0.000000e+00 0.000000e+00
1.129400e-02 1.116513e-02 1.555087e-07 1.704393e-07 1.050766e-09 1.036954e-09 2.142499e-03 5.616097e-06 1.489956e-03 9.604118e-09 5.608469e-09 5.117624e-08 8.146166e-08 3.807145e-07 7.302035e-08 3.796774e-42 3.476855e-48 5.105504e-49 3.892752e-48 4.974554e-49 2.455741e-48 4.629332e-50 3.021369e-49 1.907983e-50 5.291950e-50 1.488207e-50 2.537097e-56 2.321081e-57 6.187941e-57 3.920607e-57 8.853006e-57 1.101394e-56 1.801131e-55 1.912306e-57 8.671136e-57
1.421900e-02 9.098927e-03 1.459238e-07 1.471825e-07 1.297809e-09 1.281014e-09 2.054751e-03 6.674643e-06 4.609298e-03 9.201150e-09 5.154551e-09 4.648980e-08 7.027004e-08 2.907314e-07 5.397141e-08 3.960522e-42 3.603362e-48 5.291269e-49 4.034392e-48 5.155555e-49 2.545094e-48 4.797772e-50 3.131303e-49 1.977406e-50 5.484499e-50 1.542356e-50 2.621415e-56 2.398220e-57 6.393592e-57 4.050905e-57 9.147228e-57 1.137998e-56 1.860990e-55 1.975860e-57 8.959314e-57
1.790100e-02 7.441723e-03 1.371528e-07 1.293050e-07 1.602843e-09 1.582438e-09 1.965860e-03 7.925505e-06 1.425411e-02 8.815138e-09 4.731489e-09 4.191025e-08 6.044035e-08 2.201075e-07 3.913546e-08 4.176801e-42 3.769231e-48 5.534836e-49 4.220102e-48 5.392875e-49 2.662249e-48 5.018623e-50 3.275443e-49 2.068429e-50 5.736961e-50 1.613354e-50 2.731589e-56 2.499013e-57 6.662304e-57 4.221158e-57 9.531672e-57 1.185827e-56 1.939205e-55 2.058903e-57 9.335860e-57
2.253600e-02 6.110752e-03 1.291800e-07 1.156005e-07 1.979464e-09 1.954692e-09 1.875493e-03 9.399674e-06 4.391720e-02 8.445350e-09 4.337530e-09 3.740828e-08 5.177603e-08 1.645430e-07 2.765147e-08 4.465929e-42 3.988930e-48 5.857448e-49 4.466081e-48 5.707211e-49 2.817425e-48 5.311146e-50 3.466360e-49 2.188993e-50 6.071354e-50 1.707392e-50 2.876886e-56 2.631939e-57 7.016680e-57 4.445687e-57 1.003867e-56 1.248902e-56 2.042354e-55 2.168418e-57 9.832446e-57
2.837100e-02 5.040119e-03 1.219996e-07 1.051337e-07 2.444459e-09 2.414413e-09 1.783354e-03 1.113094e-05 1.325480e-01 8.091078e-09 3.971014e-09 3.297067e-08 4.410702e-08 1.208018e-07 1.889697e-08 4.858538e-42 4.283807e-48 6.290453e-49 4.796231e-48 6.129111e-49 3.025700e-48 5.703766e-50 3.722607e-49 2.350812e-50 6.520172e-50 1.833609e-50 3.070838e-56 2.809378e-57 7.489728e-57 4.745404e-57 1.071546e-56 1.333100e-56 2.180044e-55 2.314608e-57 1.049533e-56
3.571700e-02 4.177394e-03 1.156160e-07 9.717955e-08 3.018529e-09 2.982119e-09 1.689212e-03 1.315471e-05 3.634796e-01 7.751655e-09 3.630385e-09 2.860796e-08 3.728928e-08 8.651136e-08 1.240683e-08 5.402260e-42 4.686235e-48 6.881389e-49 5.246798e-48 6.704891e-49 3.309939e-48 6.239588e-50 4.072315e-49 2.571651e-50 7.132689e-50 2.005862e-50 3.333715e-56 3.049873e-57 8.130881e-57 5.151631e-57 1.163275e-56 1.447219e-56 2.366665e-55 2.512748e-57 1.139377e-56
4.496500e-02 3.480855e-03 1.100461e-07 9.117571e-08 3.727143e-09 3.683066e-09 1.592939e-03 1.550578e-05 7.178806e-01 7.426462e-09 3.314190e-09 2.436020e-08 3.120565e-08 5.997515e-08 7.791149e-09 6.174100e-42 5.247042e-48 7.704892e-49 5.874687e-48 7.507271e-49 3.706043e-48 6.986286e-50 4.559653e-49 2.879403e-50 7.986265e-50 2.245905e-50 3.696885e-56 3.382121e-57 9.016647e-57 5.712842e-57 1.290000e-56 1.604877e-56 2.624486e-55 2.786483e-57 1.263499e-56
5.660700e-02 2.917214e-03 1.053192e-07 8.668501e-08 4.601650e-09 4.548352e-09 1.494539e-03 1.821498e-05 8.017442e-01 7.114903e-09 3.021042e-09 2.029694e-08 2.576700e-08 3.995791e-08 4.675978e-09 7.304417e-42 6.049406e-48 8.883104e-49 6.773030e-48 8.655265e-49 4.272762e-48 8.054612e-50 5.256905e-49 3.319715e-50 9.207505e-50 2.589343e-50 4.210836e-56 3.852313e-57 1.027016e-56 6.507057e-57 1.469339e-56 1.827992e-56 2.989350e-55 3.173868e-57 1.439154e-56
7.126400e-02 2.459838e-03 1.014790e-07 8.336664e-08 5.680753e-09 5.616382e-09 1.394169e-03 2.130427e-05 6.044951e-01 6.816360e-09 2.749572e-09 1.650827e-08 2.091371e-08 2.544866e-08 2.690256e-09 9.026218e-42 7.236276e-48 1.062593e-48 8.101872e-48 1.035339e-48 5.111062e-48 9.634895e-50 6.288289e-49 3.971030e-50 1.101398e-49 3.097362e-50 4.960677e-56 4.538310e-57 1.209902e-56 7.665795e-57 1.730990e-56 2.153510e-56 3.521675e-55 3.739051e-57 1.695430e-56
8.971700e-02 2.087490e-03 9.858567e-08 8.095452e-08 7.011973e-09 6.934334e-09 1.292189e-03 2.477883e-05 4.019259e-01 6.530247e-09 2.498481e-09 1.308823e-08 1.661652e-08 1.546804e-08 1.492669e-09 1.178219e-41 9.066964e-48 1.331416e-48 1.015155e-47 1.297267e-48 6.404097e-48 1.207240e-49 7.879149e-49 4.975651e-50 1.380038e-49 3.880957e-50 6.097349e-56 5.578203e-57 1.487134e-56 9.422309e-57 2.127624e-56 2.646957e-56 4.328620e-55 4.595805e-57 2.083916e-56
1.129400e-01 1.783261e-03 9.671815e-08 7.923930e-08 8.653022e-09 8.559531e-09 1.189211e-03 2.861609e-05 2.606447e-01 6.256055e-09 2.266561e-09 1.011377e-08 1.287195e-08 8.996787e-09 8.046909e-10 1.647920e-41 1.204459e-47 1.768658e-48 1.348535e-47 1.723295e-48 8.507227e-48 1.603703e-49 1.046669e-48 6.609674e-50 1.833248e-49 5.155478e-50 7.906074e-56 7.232927e-57 1.928279e-56 1.221735e-56 2.758764e-56 3.432154e-56 5.612667e-55 5.959110e-57 2.702091e-56
1.421900e-01 1.533254e-03 9.597312e-08 7.805110e-08 1.067681e-08 1.056442e-08 1.085946e-03 3.276065e-05 1.689376e-01 5.992903e-09 2.052318e-09 7.622738e-09 9.684652e-09 5.034572e-09 4.242522e-10 2.513692e-41 1.721876e-47 2.528447e-48 1.927846e-47 2.463597e-48 1.216180e-47 2.292629e-49 1.496303e-48 9.449091e-50 2.620784e-49 7.370194e-50 1.096333e-55 1.002988e-56 2.673940e-56 1.694177e-56 3.825571e-56 4.759359e-56 7.783070e-55 8.263482e-57 3.746982e-56
1.790100e-01 1.326632e-03 9.647085e-08 7.725050e-08 1.316985e-08 1.303501e-08 9.834446e-04 3.710358e-05 1.101614e-01 5.740143e-09 1.854489e-09 5.614648e-09 7.059448e-09 2.731823e-09 2.201217e-10 4.277844e-41 2.700507e-47 3.965493e-48 3.023539e-47 3.863785e-48 1.907398e-47 3.595649e-49 2.346728e-48 1.481950e-49 4.110310e-49 1.155906e-49 1.654726e-55 1.513837e-56 4.035850e-56 2.557068e-56 5.774039e-56 7.183430e-56 1.174720e-54 1.247230e-56 5.655423e-56
2.253600e-01 1.154445e-03 9.835232e-08 7.671261e-08 1.623897e-08 1.607757e-08 8.828367e-04 4.148398e-05 7.244858e-02 5.496627e-09 1.671461e-09 4.050071e-09 4.977526e-09 1.448045e-09 1.128792e-10 8.354161e-41 4.758485e-47 6.987482e-48 5.327692e-47 6.808265e-48 3.360972e-47 6.335790e-49 4.135103e-48 2.611301e-49 7.242660e-49 2.036788e-49 2.778254e-55 2.541705e-56 6.776118e-56 4.293270e-56 9.694506e-56 1.206085e-55 1.972334e-54 2.094076e-56 9.495352e-56
2.837100e-01 1.009404e-03 1.017810e-07 7.631468e-08 2.001439e-08 1.982174e-08 7.853265e-04 4.568915e-05 4.813818e-02 5.260534e-09 1.501237e-09 2.865999e-09 3.391617e-09 7.545207e-10 5.736068e-11 1.940139e-40 9.708919e-47 1.425683e-47 1.087030e-46 1.389117e-47 6.857522e-47 1.292716e-48 8.437012e-48 5.327939e-49 1.477748e-48 4.155738e-49 5.333980e-55 4.879828e-56 1.300949e-55 8.242663e-56 1.861252e-55 2.315567e-55 3.786691e-54 4.020425e-56 1.823016e-55
3.571700e-01 8.855442e-04 1.069414e-07 7.591966e-08 2.465403e-08 2.442483e-08 6.921099e-04 4.947008e-05 3.236811e-02 5.028693e-09 1.341147e-09 1.990531e-09 2.230414e-09 3.882460e-10 2.890814e-11 5.604099e-40 2.382409e-46 3.498391e-47 2.667392e-46 3.408664e-47 1.682724e-46 3.172112e-48 2.070305e-47 1.307389e-48 3.626151e-48 1.019750e-48 1.212245e-54 1.109031e-55 2.956648e-55 1.873298e-55 4.230038e-55 5.262554e-55 8.605956e-54 9.137160e-56 4.143142e-55
4.496500e-01 7.779720e-04 1.140349e-07 7.535535e-08 3.034819e-08 3.007658e-08 6.042866e-04 5.257177e-05 2.205893e-02 4.795236e-09 1.187421e-09 1.354358e-09 1.411086e-09 1.977822e-10 1.442833e-11 2.129975e-39 7.371779e-46 1.082491e-46 8.253590e-46 1.054727e-46 5.206776e-46 9.815324e-48 6.406052e-47 4.045395e-48 1.122024e-47 3.155367e-48 3.404716e-54 3.114828e-55 8.304049e-55 5.261349e-55 1.188050e-54 1.478043e-54 2.417072e-53 2.566266e-55 1.163644e-54
5.660800e-01 6.826731e-04 1.232749e-07 7.438871e-08 3.732560e-08 3.700531e-08 5.227637e-04 5.477411e-05 5.565934e-02 4.549043e-09 1.034719e-09 8.975943e-10 8.529314e-10 9.970004e-11 7.097321e-12 1.142415e-38 3.047377e-45 4.474846e-46 3.411905e-45 4.360077e-46 2.152400e-45 4.057501e-47 2.648162e-46 1.672303e-47 4.638271e-47 1.304380e-47 1.244402e-53 1.138449e-54 3.035076e-54 1.922989e-54 4.342245e-54 5.402149e-54 8.834240e-53 9.379535e-55 4.253044e-54
7.126400e-01 5.964372e-04 1.348740e-07 7.270056e-08 4.585706e-08 4.548163e-08 4.482160e-04 5.593058e-05 1.071897e-02 4.269577e-09 8.763083e-10 5.729841e-10 4.869789e-10 4.944700e-11 3.406420e-12 9.355268e-38 1.783807e-44 2.619388e-45 1.997187e-44 2.552208e-45 1.259926e-44 2.375093e-46 1.550125e-45 9.788970e-47 2.715052e-46 7.635300e-47 6.208071e-53 5.679494e-54 1.514138e-53 9.593405e-54 2.166259e-53 2.695025e-53 4.407227e-52 4.679263e-54 2.121759e-53
8.971700e-01 5.167731e-04 1.490370e-07 6.987575e-08 5.626525e-08 5.582849e-08 3.810118e-04 5.599401e-05 7.653339e-03 3.921448e-09 7.063091e-10 3.460773e-10 2.587547e-10 2.372270e-11 1.566693e-12 1.112738e-36 1.364129e-43 2.003122e-44 1.527308e-43 1.951748e-44 9.635025e-44 1.816303e-45 1.185426e-44 7.485914e-46 2.076280e-45 5.838940e-46 3.860488e-52 3.531792e-53 9.415667e-53 5.965658e-53 1.347088e-52 1.675901e-52 2.740634e-51 2.909800e-53 1.319416e-52
1.129400e+00 4.420109e-04 1.659295e-07 6.545190e-08 6.891831e-08 6.841511e-08 3.212854e-04 5.501860e-05 5.553435e-03 3.454691e-09 5.262865e-10 1.935490e-10 1.263452e-10 1.060983e-11 6.727427e-13 5.221071e-36 5.109358e-43 7.502712e-44 5.720548e-43 7.310295e-44 3.608811e-43 6.802986e-45 4.440030e-44 2.803858e-45 7.776732e-45 2.186983e-45 1.299660e-51 1.189002e-52 3.169849e-52 2.008380e-52 4.535065e-52 5.642038e-52 9.226537e-51 9.796046e-53 4.441907e-52
1.421900e+00 3.711977e-04 1.856870e-07 5.906434e-08 8.425501e-08 8.368237e-08 2.688466e-04 5.313893e-05 4.091445e-03 2.827499e-09 3.519906e-10 9.838600e-11 5.642200e-11 4.149902e-12 2.617642e-13 6.012107e-36 6.123471e-43 8.991862e-44 6.855975e-43 8.761258e-44 4.325097e-43 8.153260e-45 5.321301e-44 3.360376e-45 9.320279e-45 2.621062e-45 1.590911e-51 1.455454e-52 3.880205e-52 2.458453e-52 5.551363e-52 6.906408e-52 1.129419e-50 1.199132e-52 5.437332e-52
1.790100e+00 3.043215e-04 2.083459e-07 5.072613e-08 1.027482e-07 1.021070e-07 2.233808e-04 5.054016e-05 3.057358e-03 2.069929e-09 2.085779e-10 4.528448e-11 2.324090e-11 1.333813e-12 9.071359e-14 6.025590e-36 6.158319e-43 9.043032e-44 6.894997e-43 8.811123e-44 4.349717e-43 8.199667e-45 5.351592e-44 3.379504e-45 9.373331e-45 2.635982e-45 1.604892e-51 1.468245e-52 3.914304e-52 2.480058e-52 5.600149e-52 6.967104e-52 1.139345e-50 1.209671e-52 5.485119e-52
2.253600e+00 2.421128e-04 2.338556e-07 4.105286e-08 1.249235e-07 1.242210e-07 1.843822e-04 4.742120e-05 2.313284e-03 1.322335e-09 1.108685e-10 1.911699e-11 8.980629e-12 3.504477e-13 2.816197e-14 6.025610e-36 6.158671e-43 9.043549e-44 6.895399e-43 8.811637e-44 4.349974e-43 8.200148e-45 5.351910e-44 3.379703e-45 9.373883e-45 2.636138e-45 1.605119e-51 1.468451e-52 3.914854e-52 2.480407e-52 5.600939e-52 6.968089e-52 1.139506e-50 1.209842e-52 5.485896e-52
2.837100e+00 1.859148e-04 2.620494e-07 3.118500e-08 1.513375e-07 1.505900e-07 1.512502e-04 4.396769e-05 1.768576e-03 7.426387e-10 5.441683e-11 7.569903e-12 3.317234e-12 7.979716e-14 8.032285e-15 6.025552e-36 6.158623e-43 9.043477e-44 6.895353e-43 8.811578e-44 4.349949e-43 8.200098e-45 5.351883e-44 3.379684e-45 9.373828e-45 2.636124e-45 1.605112e-51 1.468444e-52 3.914837e-52 2.480396e-52 5.600916e-52 6.968065e-52 1.139502e-50 1.209838e-52 5.485879e-52
3.571700e+00 1.373330e-04 2.926307e-07 2.231696e-08 1.825520e-07 1.817888e-07 1.233407e-04 4.033575e-05 1.363040e-03 3.791155e-10 2.539924e-11 2.874589e-12 1.189919e-12 1.682742e-14 2.167708e-15 6.025478e-36 6.158560e-43 9.043384e-44 6.895294e-43 8.811501e-44 4.349916e-43 8.200032e-45 5.351847e-44 3.379658e-45 9.373756e-45 2.636106e-45 1.605103e-51 1.468435e-52 3.914812e-52 2.480380e-52 5.600882e-52 6.968026e-52 1.139497e-50 1.209832e-52 5.485852e-52
4.496500e+00 9.772534e-05 3.251688e-07 1.519225e-08 2.190988e-07 2.183647e-07 1.000075e-04 3.664601e-05 1.056236e-03 1.825457e-10 1.151744e-11 1.064465e-12 4.192179e-13 3.427024e-15 5.665029e-16 6.025385e-36 6.158481e-43 9.043266e-44 6.895220e-43 8.811404e-44 4.349876e-43 8.199949e-45 5.351801e-44 3.379627e-45 9.373665e-45 2.636083e-45 1.605091e-51 1.468422e-52 3.914780e-52 2.480360e-52 5.600840e-52 6.967978e-52 1.139489e-50 1.209824e-52 5.485818e-52
5.660700e+00 6.765482e-05 3.591103e-07 9.957665e-09 2.614431e-07 2.607998e-07 8.062894e-05 3.298451e-05 8.206232e-04 8.515507e-11 5.140185e-12 3.885531e-13 1.461236e-13 6.878536e-16 1.454922e-16 6.025268e-36 6.158381e-43 9.043118e-44 6.895126e-43 8.811282e-44 4.349824e-43 8.199844e-45 5.351744e-44 3.379586e-45 9.373552e-45 2.636054e-45 1.605075e-51 1.468407e-52 3.914740e-52 2.480335e-52 5.600786e-52 6.967918e-52 1.139480e-50 1.209815e-52 5.485776e-52
7.126500e+00 4.653747e-05 3.938053e-07 6.354948e-09 3.099619e-07 3.094829e-07 6.462582e-05 2.940761e-05 6.371734e-04 3.908773e-11 2.273756e-12 1.406830e-13 5.060832e-14 1.372224e-16 3.702070e-17 6.025121e-36 6.158256e-43 9.042932e-44 6.895008e-43 8.811129e-44 4.349760e-43 8.199712e-45 5.351671e-44 3.379536e-45 9.373408e-45 2.636018e-45 1.605056e-51 1.468387e-52 3.914689e-52 2.480304e-52 5.600718e-52 6.967842e-52 1.139469e-50 1.209802e-52 5.485722e-52
8.971700e+00 3.272714e-05 4.285139e-07 3.984694e-09 3.649192e-07 3.646719e-07 5.148150e-05 2.595145e-05 4.926737e-04 1.780290e-11 1.000814e-12 5.071727e-14 1.746514e-14 2.731343e-17 9.376904e-18 6.024936e-36 6.158098e-43 9.042697e-44 6.894859e-43 8.810936e-44 4.349679e-43 8.199547e-45 5.351580e-44 3.379472e-45 9.373227e-45 2.635972e-45 1.605032e-51 1.468362e-52 3.914625e-52 2.480264e-52 5.600633e-52 6.967746e-52 1.139454e-50 1.209787e-52 5.485655e-52
1.129500e+01 2.403569e-05 4.624532e-07 2.470166e-09 4.265594e-07 4.265665e-07 4.073546e-05 2.263754e-05 3.777874e-04 8.077227e-12 4.391169e-13 1.823760e-14 6.013683e-15 5.430297e-18 2.368990e-18 7.839988e-36 7.972194e-43 1.173662e-43 8.840428e-43 1.131875e-43 5.538089e-43 1.060968e-44 6.830537e-44 4.405759e-45 1.209291e-44 3.443273e-45 2.036639e-51 1.889270e-52 5.054895e-52 3.174959e-52 7.108591e-52 8.761436e-52 1.414124e-50 1.495834e-52 6.754499e-52
1.421900e+01 1.847234e-05 4.947709e-07 1.520680e-09 4.952017e-07 4.953669e-07 3.199552e-05 1.948399e-05 2.860064e-04 3.658938e-12 1.923141e-13 6.551431e-15 2.068740e-15 1.079709e-18 5.980210e-19 1.289175e-35 1.298349e-42 1.920981e-43 1.414061e-42 1.816743e-43 8.741928e-43 1.726897e-44 1.083169e-43 7.273994e-45 1.957147e-44 5.705501e-45 3.194634e-51 3.041854e-52 8.196377e-52 5.063793e-52 1.115647e-51 1.351084e-51 2.126753e-50 2.234079e-52 1.000855e-51
1.790100e+01 1.471396e-05 5.245814e-07 9.319646e-10 5.716073e-07 5.715965e-07 2.491898e-05 1.650703e-05 2.126800e-04 1.655740e-12 8.407799e-14 2.351137e-15 7.109512e-16 2.145581e-19 1.508186e-19 2.118146e-35 2.112611e-42 3.141627e-43 2.260164e-42 2.914450e-43 1.379160e-42 2.808631e-44 1.716650e-43 1.200285e-44 3.166460e-44 9.448576e-45 5.008928e-51 4.896524e-52 1.328201e-51 8.071950e-52 1.750244e-51 2.082588e-51 3.197832e-50 3.335670e-52 1.482591e-51
2.253600e+01 1.212417e-05 5.508568e-07 5.696692e-10 6.571895e-07 6.562624e-07 1.922379e-05 1.373122e-05 1.545935e-04 7.490059e-13 3.671489e-14 8.434992e-16 2.442470e-16 4.263996e-20 3.802882e-20 3.475280e-35 3.434192e-42 5.132649e-43 3.609982e-42 4.671642e-43 2.174426e-42 4.565285e-44 2.718947e-43 1.979396e-44 5.118931e-44 1.563961e-44 7.849321e-51 7.876943e-52 2.151772e-51 1.286270e-51 2.744645e-51 3.208954e-51 4.806257e-50 4.978829e-52 2.195471e-51
2.837100e+01 1.044418e-05 5.723823e-07 3.476552e-10 7.543672e-07 7.511806e-07 1.467083e-05 1.118640e-05 1.093620e-04 3.387677e-13 1.601546e-14 3.025533e-16 8.389131e-17 8.474018e-21 9.587705e-21 5.693996e-35 5.576236e-42 8.375422e-43 5.758972e-42 7.480288e-43 3.425287e-42 7.414973e-44 4.303577e-43 3.261887e-44 8.270152e-44 2.586697e-44 1.229440e-50 1.266408e-51 3.483511e-51 2.048254e-51 4.301808e-51 4.941762e-51 7.220497e-50 7.428334e-52 3.249984e-51
3.571700e+01 9.496026e-06 5.876256e-07 2.119563e-10 8.664766e-07 8.589117e-07 1.106091e-05 8.905854e-06 7.506086e-05 1.532044e-13 6.979207e-15 1.085057e-16 2.880892e-17 1.683990e-21 2.416951e-21 9.313148e-35 9.039867e-42 1.364806e-42 9.177126e-42 1.196582e-42 5.389413e-42 1.203032e-43 6.805566e-43 5.369835e-44 1.335146e-43 4.275229e-44 1.924199e-50 2.034218e-51 5.634360e-51 3.259564e-51 6.739058e-51 7.606355e-51 1.084168e-49 1.107797e-51 4.808670e-51
4.496500e+01 9.036668e-06 5.946247e-07 1.291490e-10 9.970920e-07 9.821980e-07 8.227829e-06 6.919340e-06 4.992530e-05 6.928263e-14 3.038698e-15 3.891122e-17 9.892363e-18 3.346511e-22 6.092680e-22 1.519955e-34 1.462836e-41 2.220277e-42 1.460252e-41 1.911306e-42 8.470150e-42 1.949388e-43 1.075043e-42 8.830487e-44 2.152538e-43 7.058837e-44 3.008699e-50 3.265767e-51 9.107101e-51 5.183717e-51 1.054738e-50 1.170025e-50 1.627021e-49 1.650934e-51 7.111027e-51
5.660700e+01 8.750415e-06 5.909638e-07 7.866679e-11 1.148625e-06 1.122780e-06 6.031747e-06 5.244576e-06 3.220939e-05 3.133164e-14 1.321975e-15 1.395392e-17 3.396780e-18 6.650782e-23 1.535907e-22 2.474329e-34 2.361859e-41 3.604311e-42 2.319242e-41 3.047697e-42 1.329214e-41 3.154108e-43 1.695886e-42 1.450190e-43 3.466262e-43 1.163857e-43 4.700786e-50 5.235744e-51 1.470570e-50 8.234694e-51 1.649270e-50 1.797986e-50 2.439341e-49 2.458612e-51 1.050786e-50
7.126500e+01 8.326835e-06 5.739742e-07 4.790464e-11 1.320508e-06 1.279847e-06 4.353779e-06 3.880917e-06 2.020896e-05 1.416776e-14 5.746231e-16 5.003331e-18 1.166192e-18 1.321534e-23 3.871270e-23 4.014734e-34 3.803138e-41 5.836529e-42 3.675556e-41 4.849421e-42 2.082007e-41 5.093976e-43 2.670871e-42 2.377621e-43 5.572716e-43 1.916375e-43 7.334351e-50 8.384255e-51 2.371411e-50 1.306573e-50 2.576648e-50 2.760443e-50 3.654257e-49 3.657756e-51 1.551565e-50
8.971600e+01 7.565836e-06 5.413697e-07 2.916998e-11 1.507570e-06 1.448647e-06 3.092990e-06 2.808971e-06 1.238052e-05 6.407085e-15 2.496157e-16 1.794201e-18 4.004250e-19 2.626464e-24 9.759215e-24 6.488823e-34 6.102730e-41 9.420394e-42 5.808767e-41 7.696549e-42 3.253795e-41 8.208059e-43 4.198093e-42 3.890109e-43 8.941453e-43 3.149691e-43 1.142561e-49 1.340437e-50 3.818013e-50 2.070062e-50 4.019746e-50 4.232528e-50 5.468091e-49 5.436445e-51 2.289011e-50
1.129400e+02 6.442562e-06 4.923645e-07 1.776217e-11 1.694468e-06 1.610998e-06 2.162599e-06 1.993666e-06 7.438096e-06 2.897831e-15 1.083730e-16 6.435000e-19 1.375115e-19 5.221255e-25 2.460761e-24 9.607263e-34 8.986406e-41 1.398603e-41 8.474823e-41 1.130480e-41 4.716018e-41 1.224454e-42 6.121349e-42 5.884680e-43 1.334677e-42 4.793144e-43 1.667009e-49 2.004068e-50 5.735227e-50 3.076712e-50 5.913622e-50 6.121102e-50 7.764558e-49 7.694224e-51 3.229951e-50
1.421900e+02 5.089424e-06 4.288983e-07 1.081292e-11 1.867011e-06 1.753908e-06 1.488528e-06 1.391275e-06 4.399443e-06 1.310194e-15 4.700393e-17 2.306906e-19 4.720104e-20 1.037227e-25 6.201029e-25 1.316155e-33 1.226282e-40 1.928059e-41 1.151772e-40 1.549957e-41 6.393488e-41 1.705606e-42 8.350765e-42 8.302550e-43 1.868003e-42 6.811867e-43 2.294422e-49 2.822733e-50 8.099462e-50 4.319911e-50 8.256759e-50 8.403047e-50 1.052288e-48 1.042472e-50 4.380716e-50
1.790100e+02 3.713659e-06 3.562734e-07 6.582737e-12 2.015835e-06 1.873366e-06 1.009688e-06 9.576044e-07 2.571992e-06 5.924383e-16 2.037668e-17 8.271181e-20 1.620399e-20 2.060937e-26 1.562917e-25 1.795824e-33 1.667558e-40 2.649104e-41 1.560780e-40 2.119341e-41 8.646363e-41 2.369839e-42 1.136790e-41 1.168698e-42 2.608677e-42 9.660760e-43 3.152310e-49 3.968310e-50 1.141724e-49 6.054564e-50 1.150965e-49 1.151787e-49 1.424104e-48 1.410480e-50 5.933755e-50
2.253600e+02 2.498704e-06 2.819842e-07 4.007580e-12 2.129872e-06 1.960311e-06 6.757478e-07 6.518535e-07 1.490662e-06 2.679047e-16 8.829167e-18 2.965807e-20 5.563278e-21 4.095619e-27 3.939682e-26 2.438303e-33 2.258202e-40 3.625261e-41 2.107818e-40 2.887806e-41 1.165783e-40 3.282792e-42 1.543167e-41 1.640391e-42 3.632489e-42 1.366521e-42 4.321157e-49 5.565381e-50 1.605591e-49 8.466637e-50 1.601006e-49 1.575739e-49 1.923861e-48 1.905102e-50 8.024056e-50
2.837100e+02 1.548739e-06 2.133409e-07 2.439819e-12 2.202237e-06 2.009450e-06 4.468433e-07 4.398742e-07 8.584893e-07 1.211500e-16 3.823697e-18 1.063472e-20 1.910058e-21 8.139685e-28 9.931197e-27 3.290188e-33 3.041788e-40 4.935067e-41 2.833672e-40 3.917975e-41 1.565879e-40 4.528860e-42 2.087818e-41 2.294289e-42 5.040422e-42 1.926577e-42 5.907261e-49 7.781705e-50 2.251196e-49 1.180540e-49 2.221123e-49 2.150346e-49 2.593216e-48 2.567541e-50 1.082880e-49
3.571700e+02 8.845536e-07 1.552610e-07 1.485338e-12 2.230432e-06 2.019316e-06 2.923827e-07 2.948347e-07 4.921534e-07 5.478454e-17 1.655099e-18 3.813303e-21 6.557673e-22 1.618150e-28 2.503534e-27 4.404512e-33 4.069305e-40 6.673947e-41 3.788353e-40 5.285907e-41 2.093206e-40 6.216937e-42 2.812456e-41 3.193509e-42 6.961078e-42 2.704421e-42 8.045701e-49 1.083736e-49 3.144278e-49 1.640247e-49 3.071134e-49 2.925186e-49 3.485159e-48 3.450408e-50 1.457569e-49
4.496500e+02 4.685616e-07 1.095291e-07 9.042601e-13 2.215414e-06 1.991391e-06 1.895998e-07 1.966088e-07 2.812254e-07 2.477393e-17 7.160897e-19 1.367390e-21 2.251416e-22 3.223768e-29 6.313157e-28 5.837352e-33 5.397534e-40 8.947561e-41 5.027518e-40 7.080958e-41 2.780351e-40 8.477516e-42 3.766659e-41 4.418580e-42 9.556708e-42 3.775387e-42 1.090644e-48 1.501629e-49 4.369882e-49 2.267829e-49 4.227275e-49 3.962870e-49 4.666755e-48 4.620272e-50 1.955146e-49
5.660800e+02 2.348675e-07 7.546022e-08 5.504944e-13 2.160244e-06 1.928891e-06 1.220190e-07 1.305998e-07 1.603247e-07 1.120262e-17 3.096787e-19 4.903581e-22 7.729380e-23 6.511217e-30 1.594454e-28 7.634825e-33 7.079065e-40 1.186696e-40 6.609179e-40 9.395853e-41 3.663225e-40 1.146151e-41 5.008045e-41 6.065364e-42 1.301731e-41 5.232510e-42 1.469344e-48 2.066705e-49 6.033718e-49 3.115943e-49 5.785377e-49 5.339983e-49 6.218147e-48 6.156389e-50 2.610712e-49
7.126500e+02 1.155163e-07 5.109588e-08 3.351369e-13 2.068920e-06 1.835757e-06 7.803687e-08 8.650385e-08 9.125455e-08 5.065943e-18 1.338748e-19 1.759177e-22 2.653721e-23 1.427517e-30 4.059161e-29 9.821795e-33 9.151361e-40 1.551538e-40 8.582303e-40 1.231995e-40 4.775178e-40 1.532368e-41 6.594738e-41 8.239877e-42 1.755062e-41 7.183789e-42 1.963783e-48 2.819672e-49 8.258460e-49 4.246258e-49 7.856830e-49 7.144297e-49 8.231462e-48 8.151504e-50 3.465387e-49
8.971600e+02 5.809920e-08 3.416742e-08 2.040337e-13 1.945712e-06 1.716096e-06 4.965362e-08 5.717469e-08 5.188332e-08 2.290962e-18 5.785517e-20 6.318639e-23 9.111470e-24 4.489175e-31 1.072522e-29 1.236655e-32 1.161250e-39 1.991385e-40 1.096830e-39 1.589978e-40 6.139449e-40 2.019313e-41 8.574203e-41 1.104451e-41 2.334635e-41 9.737946e-42 2.596512e-48 3.802851e-49 1.117624e-48 5.724041e-49 1.056272e-48 9.468879e-49 1.080427e-47 1.070240e-49 4.563337e-49
1.129400e+03 3.066506e-08 2.263670e-08 1.242268e-13 1.795045e-06 1.574093e-06 3.146486e-08 3.773200e-08 2.947781e-08 1.036167e-18 2.499727e-20 2.275838e-23 3.128921e-24 2.562070e-31 3.200425e-30 1.313716e-32 1.245072e-39 2.146800e-40 1.186784e-39 1.728144e-40 6.688308e-40 2.220703e-41 9.411144e-41 1.226183e-41 2.583776e-41 1.089182e-41 2.882351e-48 4.250955e-49 1.251816e-48 6.405359e-49 1.182590e-48 1.054880e-48 1.200357e-47 1.189757e-49 5.084847e-49
1.421900e+03 1.697970e-08 1.487943e-08 7.561983e-14 1.621615e-06 1.414108e-06 1.986835e-08 2.486724e-08 1.673461e-08 4.684812e-19 1.079307e-20 8.236645e-24 1.073988e-24 1.968653e-31 1.241774e-30 1.207602e-32 1.155841e-39 1.993068e-40 1.112583e-39 1.620194e-40 6.313678e-40 2.088457e-41 8.916924e-41 1.156425e-41 2.438419e-41 1.030456e-41 2.747703e-48 4.034763e-49 1.189105e-48 6.094121e-49 1.128302e-48 1.009623e-48 1.152789e-47 1.143245e-49 4.894445e-49
1.790100e+03 9.713459e-09 9.701803e-09 4.603475e-14 1.431099e-06 1.241290e-06 1.251306e-08 1.637545e-08 9.497313e-09 2.118359e-19 4.659245e-21 3.018958e-24 3.686929e-25 1.684457e-31 7.046967e-31 1.092751e-32 1.058252e-39 1.825193e-40 1.030598e-39 1.500954e-40 5.898625e-40 1.943004e-41 8.368685e-41 1.079468e-41 2.277483e-41 9.656363e-42 2.597838e-48 3.796269e-49 1.119422e-48 5.749628e-49 1.068154e-48 9.593541e-49 1.099735e-47 1.091385e-49 4.682317e-49
2.253600e+03 5.648474e-09 6.248878e-09 2.802651e-14 1.230191e-06 1.061558e-06 7.864337e-09 1.077703e-08 5.388785e-09 9.579368e-20 2.010937e-21 1.136391e-24 1.265819e-25 1.455441e-31 5.233261e-31 9.707235e-33 9.532050e-40 1.644518e-40 9.414769e-40 1.371087e-40 5.441906e-40 1.783708e-41 7.764559e-41 9.950339e-42 2.101115e-41 8.943645e-42 2.432053e-48 3.533149e-49 1.042718e-48 5.368964e-49 1.001550e-48 9.036010e-49 1.040633e-47 1.033708e-49 4.446345e-49
2.837100e+03 3.305139e-09 3.922844e-09 1.706958e-14 1.026699e-06 8.816566e-07 4.934416e-09 7.089338e-09 3.057063e-09 4.331919e-20 8.677168e-22 4.501386e-25 4.345992e-26 1.235959e-31 4.301950e-31 8.440028e-33 8.423026e-40 1.453403e-40 8.456985e-40 1.231557e-40 4.946765e-40 1.611671e-41 7.104742e-41 9.036447e-42 1.909709e-41 8.169046e-42 2.249904e-48 3.245422e-49 9.589226e-49 4.952174e-49 9.283733e-49 8.419662e-49 9.752473e-48 9.696656e-50 4.183993e-49
3.571700e+03 1.936911e-09 2.310067e-09 1.044772e-14 8.291362e-07 7.087768e-07 3.091934e-09 4.661859e-09 1.734025e-09 1.958914e-20 3.743247e-22 1.939575e-25 1.492106e-26 1.022655e-31 3.592584e-31 7.160048e-33 7.279982e-40 1.256377e-40 7.448965e-40 1.084872e-40 4.418936e-40 1.429697e-41 6.396009e-41 8.061525e-42 1.705624e-41 7.337701e-42 2.051721e-48 2.935214e-49 8.683523e-49 4.500331e-49 8.486554e-49 7.744573e-49 9.031215e-48 8.991547e-50 3.894099e-49
4.496500e+03 1.134975e-09 1.178920e-09 6.442470e-15 6.458690e-07 5.498252e-07 1.935418e-09 3.064821e-09 9.834888e-10 8.858355e-21 1.614475e-22 9.343118e-26 5.123018e-27 8.209905e-32 2.955009e-31 5.908448e-33 6.135606e-40 1.058971e-40 6.416777e-40 9.343997e-41 3.868248e-40 1.240816e-41 5.649279e-41 7.044335e-42 1.492444e-41 6.463237e-42 1.839518e-48 2.606378e-49 7.722114e-49 4.018844e-49 7.631589e-49 7.015679e-49 8.246841e-48 8.222806e-50 3.577258e-49
5.660800e+03 6.647432e-10 4.810519e-10 3.935890e-15 4.839580e-07 4.104690e-07 1.210480e-09 2.014489e-09 5.577603e-10 4.005704e-21 6.961785e-23 5.032530e-26 1.758978e-27 6.376427e-32 2.367569e-31 4.729271e-33 5.027902e-40 8.676668e-41 5.388359e-40 7.845068e-41 3.308171e-40 1.050727e-41 4.880613e-41 6.009060e-42 1.275204e-41 5.564787e-42 1.617092e-48 2.265054e-49 6.722357e-49 3.515758e-49 6.730999e-49 6.241610e-49 7.406299e-48 7.397624e-50 3.235157e-49
7.126500e+03 3.891876e-10 1.670248e-10 2.400641e-15 3.481355e-07 2.943274e-07 7.566115e-10 1.323960e-09 3.163142e-10 1.811429e-21 3.001625e-23 2.941688e-26 6.040443e-28 4.781124e-32 1.839152e-31 3.662848e-33 3.995292e-40 6.890272e-41 4.399005e-40 6.400803e-41 2.756405e-40 8.651594e-42 4.112099e-41 4.988162e-42 1.060555e-41 4.667117e-42 1.389493e-48 1.920263e-49 5.710722e-49 3.003757e-49 5.805357e-49 5.438209e-49 6.524241e-48 6.529814e-50 2.873334e-49
8.971700e+03 2.278015e-10 8.115374e-11 1.463268e-15 2.401495e-07 2.024904e-07 4.726843e-10 8.700463e-10 1.793812e-10 8.191519e-22 1.293991e-23 1.793000e-26 2.074811e-28 3.456665e-32 1.382024e-31 2.740092e-33 3.072197e-40 5.291765e-41 3.482424e-40 5.062677e-41 2.231384e-40 6.907372e-42 3.369582e-41 4.016600e-42 8.560966e-42 3.800321e-42 1.163592e-48 1.583164e-49 4.718235e-49 2.498027e-49 4.880316e-49 4.626021e-49 5.620758e-48 5.638587e-50 2.498590e-49
1.129400e+04 1.333425e-10 4.898650e-11 8.912936e-16 1.588653e-07 1.336675e-07 2.952240e-10 5.717746e-10 1.017394e-10 3.705064e-22 5.578842e-24 1.093425e-26 7.131611e-29 2.376423e-32 9.900038e-32 1.948798e-33 2.246597e-40 3.858279e-41 2.623421e-40 3.804603e-41 1.719895e-40 5.228000e-42 2.626881e-41 3.060101e-42 6.546396e-42 2.926493e-42 9.264328e-49 1.236264e-49 3.691318e-49 1.969256e-49 3.893376e-49 3.745131e-49 4.619135e-48 4.645130e-50 2.073717e-49
1.421900e+04 7.803258e-11 2.996511e-11 5.217888e-16 1.008523e-07 8.471891e-08 1.842896e-10 3.756614e-10 5.768675e-11 1.675175e-22 2.403988e-24 6.572693e-27 2.064871e-29 1.564128e-32 6.801332e-32 1.326031e-33 1.571462e-40 2.686999e-41 1.890767e-40 2.731933e-41 1.268551e-40 3.771374e-42 1.957473e-41 2.217867e-42 4.766880e-42 2.141722e-42 7.044278e-49 9.188345e-50 2.747830e-49 1.478409e-49 2.961152e-49 2.897724e-49 3.635195e-48 3.664821e-50 1.648652e-49
1.790100e+04 4.567340e-11 1.798507e-11 8.008692e-18 6.157664e-08 5.166714e-08 1.150200e-10 2.468171e-10 3.271078e-11 3.100018e-27 1.054371e-27 3.793794e-27 5.297140e-32 9.997407e-33 4.544175e-32 8.762556e-34 1.067876e-40 1.816284e-41 1.324655e-40 1.905740e-41 9.101666e-41 2.640862e-42 1.418842e-41 1.559245e-42 3.369682e-42 1.520896e-42 5.213953e-49 6.633680e-50 1.987050e-49 1.078820e-49 2.191243e-49 2.185198e-49 2.792317e-48 2.822557e-50 1.280334e-49
2.253600e+04 2.673962e-11 1.058883e-11 4.637773e-18 3.625848e-08 3.040124e-08 7.177655e-11 1.621652e-10 1.854916e-11 1.797684e-27 5.979451e-28 2.232599e-27 3.314861e-32 6.216064e-33 2.956576e-32 5.630349e-34 7.056389e-41 1.192653e-41 9.024549e-41 1.291825e-41 6.352713e-41 1.794469e-42 1.000121e-41 1.062806e-42 2.310958e-42 1.046846e-42 3.752814e-49 4.647707e-50 1.394178e-49 7.644059e-50 1.575839e-49 1.603906e-49 2.090671e-48 2.119400e-50 9.697825e-50
2.837100e+04 1.565903e-11 6.130496e-12 2.645012e-18 2.065788e-08 1.731407e-08 4.478499e-11 1.065453e-10 1.051865e-11 1.024966e-27 3.320751e-28 1.284700e-27 2.026621e-32 3.767189e-33 1.876303e-32 3.523405e-34 4.538894e-41 7.616485e-42 5.983481e-41 8.514650e-42 4.314831e-41 1.183751e-42 6.854670e-42 7.023433e-43 1.537687e-42 6.982805e-43 2.625151e-49 3.158021e-50 9.486346e-50 5.255393e-50 1.100252e-49 1.144889e-49 1.524349e-48 1.549753e-50 7.156235e-50
3.571700e+04 9.172907e-12 3.498496e-12 1.488924e-18 1.142873e-08 9.577681e-09 2.794010e-11 7.000027e-11 5.964693e-12 5.759263e-28 1.810778e-28 7.246880e-28 1.213235e-32 2.230336e-33 1.163699e-32 2.151607e-34 2.846991e-41 4.737520e-42 3.865872e-41 5.464109e-42 2.854424e-41 7.587402e-43 4.571558e-42 4.502351e-43 9.933445e-43 4.514468e-43 1.784777e-49 2.081337e-50 6.259459e-50 3.505489e-50 7.457343e-50 7.945424e-50 1.081810e-48 1.103073e-50 5.140725e-50
4.496500e+04 5.375402e-12 1.972276e-12 8.289513e-19 6.162438e-09 5.164765e-09 1.742957e-11 4.598981e-11 3.382338e-12 3.196125e-28 9.719275e-29 4.017429e-28 7.128715e-33 1.293059e-33 7.068910e-33 1.285009e-34 1.744779e-41 2.876157e-42 2.437972e-41 3.419206e-42 1.841897e-41 4.732322e-43 2.969778e-42 2.803075e-43 6.237360e-43 2.831400e-43 1.180066e-49 1.331525e-50 4.007787e-50 2.269918e-50 4.908084e-50 5.362066e-50 7.473554e-49 7.642744e-51 3.594564e-50
5.660800e+04 3.151272e-12 1.100551e-12 4.572783e-19 3.250046e-09 2.724479e-09 1.087196e-11 3.021437e-11 1.917946e-12 1.755207e-28 5.146997e-29 2.193993e-28 4.120743e-33 7.359150e-34 4.215280e-33 7.523129e-35 1.047077e-41 1.708012e-42 1.503683e-41 2.090869e-42 1.161330e-41 2.877407e-43 1.882360e-42 1.697929e-43 3.813267e-43 1.725435e-43 7.597088e-50 8.279441e-51 2.493041e-50 1.428424e-50 3.139771e-50 3.522072e-50 5.029271e-49 5.157611e-51 2.447569e-50
7.126400e+04 1.848341e-12 6.088677e-13 2.503042e-19 1.682281e-09 1.410676e-09 6.781539e-12 1.985101e-11 1.087632e-12 9.554195e-29 2.694583e-29 1.182850e-28 2.348370e-33 4.120934e-34 2.472779e-33 4.327530e-35 6.166747e-42 9.944475e-43 9.090463e-42 1.251983e-42 7.168557e-42 1.709254e-43 1.166203e-42 1.002566e-43 2.274455e-43 1.023381e-43 4.769084e-50 5.011951e-51 1.509175e-50 8.749776e-51 1.954976e-50 2.254407e-50 3.300295e-49 3.393530e-51 1.624208e-50
8.971600e+04 1.084609e-12 3.344670e-13 1.361382e-19 8.571158e-10 7.189909e-10 4.229756e-12 1.304177e-11 6.167503e-13 5.162587e-29 1.397182e-29 6.307958e-29 1.322128e-33 2.275577e-34 1.430191e-33 2.451447e-35 3.572558e-42 5.689915e-43 5.398132e-42 7.357869e-43 4.341460e-42 9.941632e-44 7.077062e-43 5.784039e-44 1.326491e-43 5.921436e-44 2.925031e-50 2.959966e-51 8.909218e-51 5.227396e-51 1.186979e-50 1.408689e-50 2.115091e-49 2.180327e-51 1.051948e-50
1.129400e+05 6.368557e-13 1.827166e-13 7.367885e-20 4.310770e-10 3.617447e-10 2.638353e-12 8.568972e-12 3.497762e-13 2.773902e-29 7.191701e-30 3.336256e-29 7.375310e-34 1.243365e-34 8.183754e-34 1.372710e-35 2.043984e-42 3.212990e-43 3.162521e-42 4.263321e-43 2.591608e-42 5.691157e-44 4.227899e-43 3.278753e-44 7.605809e-44 3.362406e-44 1.762594e-50 1.715587e-51 5.159926e-51 3.064300e-51 7.070001e-51 8.642167e-51 1.331402e-49 1.375666e-51 6.687886e-51
1.421900e+05 3.740653e-13 9.937277e-14 3.971719e-20 2.144115e-10 1.799938e-10 1.645321e-12 5.629124e-12 1.983189e-13 1.483567e-29 3.679058e-30 1.752078e-29 4.081173e-34 6.730382e-35 4.638005e-34 7.606716e-36 1.156205e-42 1.792507e-43 1.829747e-42 2.438010e-43 1.526219e-42 3.209352e-44 2.488408e-43 1.827721e-44 4.290890e-44 1.874896e-44 1.044021e-50 9.764316e-52 2.933399e-51 1.763275e-51 4.132708e-51 5.207074e-51 8.232827e-50 8.524982e-52 4.173719e-51
1.790100e+05 2.198544e-13 5.381153e-14 2.132551e-20 1.057155e-10 8.877748e-11 1.026092e-12 3.698078e-12 1.124527e-13 7.898097e-30 1.870551e-30 9.136158e-30 2.240076e-34 3.608809e-35 2.602964e-34 4.170488e-36 6.464285e-43 9.876765e-44 1.044963e-42 1.375206e-43 8.861171e-43 1.781469e-44 1.441595e-43 1.000828e-44 2.379541e-44 1.025296e-44 6.070064e-51 5.449272e-52 1.634418e-51 9.944114e-52 2.366551e-51 3.075817e-51 4.991540e-50 5.178571e-52 2.551224e-51
2.253600e+05 1.293021e-13 2.904245e-14 1.141580e-20 5.175204e-11 4.347459e-11 6.399308e-13 2.429554e-12 6.376718e-14 4.189745e-30 9.464549e-31 4.737199e-30 1.221516e-34 1.920213e-35 1.449256e-34 2.266748e-36 3.579427e-43 5.386366e-44 5.903559e-43 7.668970e-44 5.083733e-43 9.758259e-45 8.240693e-44 5.398293e-45 1.300535e-44 5.514532e-45 3.473477e-51 2.990420e-52 8.950734e-52 5.511996e-52 1.331342e-51 1.786068e-51 2.975147e-50 3.091737e-52 1.531450e-51
2.837100e+05 7.609447e-14 1.563152e-14 6.095849e-21 2.518757e-11 2.116532e-11 3.990966e-13 1.596172e-12 3.616002e-14 2.216044e-30 4.769805e-31 2.444879e-30 6.624964e-35 1.015230e-35 8.015655e-35 1.223108e-36 1.966127e-43 2.912316e-44 3.305101e-43 4.235791e-44 2.887369e-43 5.285558e-45 4.657532e-44 2.874614e-45 7.020916e-45 2.924184e-45 1.960726e-51 1.617616e-52 4.829924e-52 3.010313e-52 7.376044e-52 1.021952e-51 1.747298e-50 1.818362e-52 9.049360e-52
3.571700e+05 4.481035e-14 8.394538e-15 3.248460e-21 1.220083e-11 1.025521e-11 2.488937e-13 1.048644e-12 2.050472e-14 1.169296e-30 2.395966e-31 1.256985e-30 3.577090e-35 5.339398e-36 4.409157e-35 6.560204e-37 1.072754e-43 1.563403e-44 1.836374e-43 2.320804e-44 1.626125e-43 2.836089e-45 2.607405e-44 1.514302e-45 3.751037e-45 1.532121e-45 1.094058e-51 8.644136e-53 2.573776e-52 1.623454e-52 4.033763e-52 5.774319e-52 1.013306e-50 1.055799e-52 5.275379e-52
4.496500e+05 2.640572e-14 4.500288e-15 1.728386e-21 5.887698e-12 4.949979e-12 1.552201e-13 6.889340e-13 1.162735e-14 6.158279e-31 1.200454e-31 6.442949e-31 1.924534e-35 2.796282e-36 2.414606e-35 3.501524e-37 5.821321e-44 8.343931e-45 1.014015e-43 1.263241e-44 9.094753e-44 1.510032e-45 1.448213e-44 7.906115e-46 1.986931e-45 7.947911e-46 6.046137e-52 4.572546e-53 1.357258e-52 8.663715e-53 2.182065e-52 3.228456e-52 5.814460e-51 6.064498e-53 3.040385e-52
5.660800e+05 1.557082e-14 2.408869e-15 9.183114e-22 2.832470e-12 2.381842e-12 9.679928e-14 4.526061e-13 6.593240e-15 3.237967e-31 6.001147e-32 3.293820e-31 1.032272e-35 1.459156e-36 1.317355e-35 1.861243e-37 3.144432e-44 4.431217e-45 5.569888e-44 6.837806e-45 5.056826e-44 7.987331e-46 7.990242e-45 4.096637e-46 1.044857e-45 4.088318e-46 3.314086e-52 2.398030e-53 7.094180e-53 4.582404e-53 1.169516e-52 1.788942e-52 3.306385e-51 3.451513e-53 1.735288e-52
7.126400e+05 9.188836e-15 1.287934e-15 4.874073e-22 1.359432e-12 1.143359e-12 6.036937e-14 2.973602e-13 3.738899e-15 1.700400e-31 2.994923e-32 1.680512e-31 5.523708e-36 7.592671e-37 7.165889e-36 9.861319e-38 1.692265e-44 2.344054e-45 3.046682e-44 3.684751e-45 2.798427e-44 4.202654e-46 4.384721e-45 2.109746e-46 5.462300e-46 2.088597e-46 1.804470e-52 1.248827e-53 3.681260e-53 2.406094e-53 6.220857e-53 9.840243e-53 1.866267e-51 1.949576e-53 9.824730e-53
8.971600e+05 5.426393e-15 6.879654e-16 2.584779e-22 6.511419e-13 5.477312e-13 3.764823e-14 1.953582e-13 2.120169e-15 8.920471e-32 1.492551e-32 8.559817e-32 2.949978e-36 3.941657e-37 3.888481e-36 5.210779e-38 9.079991e-45 1.235963e-45 1.660757e-44 1.978355e-45 1.542609e-44 2.201662e-46 2.395454e-45 1.081018e-46 2.841742e-46 1.060949e-46 9.770926e-53 6.465818e-54 1.898834e-53 1.255765e-53 3.288237e-53 5.379819e-53 1.046923e-51 1.094297e-53 5.525385e-53
